# x,rho,u,p
-9.949999999999999956e-01 1.000000000001754596e+00 1.881488167231239291e-12 1.000000000002460476e+00
-9.849999999999999867e-01 1.000000000001006750e+00 1.520451214150385207e-12 1.000000000001408429e+00
-9.749999999999999778e-01 1.000000000001960432e+00 1.567686034370044581e-12 1.000000000002748912e+00
-9.649999999999999689e-01 1.000000000000176748e+00 1.190882296919441857e-12 1.000000000000246247e+00
-9.549999999999999600e-01 1.000000000002255973e+00 1.291885822318612532e-12 1.000000000003157696e+00
-9.449999999999999512e-01 9.999999999993043343e-01 8.999799181274883489e-13 9.999999999990277777e-01
-9.349999999999999423e-01 1.000000000002603251e+00 9.588060214404042909e-13 1.000000000003643530e+00
-9.250000000000000444e-01 9.999999999986092236e-01 6.061000923971215370e-13 9.999999999980541121e-01
-9.150000000000000355e-01 1.000000000002972067e+00 7.642525153941515192e-13 1.000000000004159340e+00
-9.050000000000000266e-01 9.999999999977686738e-01 4.669595015820748844e-13 9.999999999968727238e-01
-8.950000000000000178e-01 1.000000000002946088e+00 2.921856684101581806e-13 1.000000000004124701e+00
-8.850000000000000089e-01 9.999999999966902031e-01 -5.919898476462147530e-13 9.999999999953650409e-01
-8.750000000000000000e-01 1.000000000003046230e+00 -3.116853085359234923e-13 1.000000000004269696e+00
-8.649999999999999911e-01 9.999999999956894481e-01 1.286547387141148373e-13 9.999999999939652717e-01
-8.549999999999999822e-01 1.000000000004626521e+00 5.745219376147636029e-13 1.000000000006475487e+00
-8.449999999999999734e-01 9.999999999965334396e-01 2.716971388661693156e-13 9.999999999951456608e-01
-8.349999999999999645e-01 1.000000000004542366e+00 2.428364572657658038e-13 1.000000000006359802e+00
-8.249999999999999556e-01 9.999999999947359886e-01 -3.769543357175426238e-15 9.999999999926278971e-01
-8.150000000000000577e-01 1.000000000004604983e+00 -1.856106330623786115e-13 1.000000000006446399e+00
-8.050000000000000488e-01 9.999999999962796426e-01 1.474965639567813682e-13 9.999999999947903895e-01
-7.950000000000000400e-01 1.000000000004631406e+00 4.540875673096987153e-13 1.000000000006485479e+00
-7.850000000000000311e-01 9.999999999947539742e-01 4.519417167003705378e-14 9.999999999926548755e-01
-7.750000000000000222e-01 1.000000000004633849e+00 -3.383685272298863816e-13 1.000000000006486589e+00
-7.650000000000000133e-01 9.999999999960892394e-01 4.435489634744487208e-14 9.999999999945264895e-01
-7.550000000000000044e-01 1.000000000004614087e+00 4.196880061325738887e-13 1.000000000006459944e+00
-7.449999999999999956e-01 9.999999999947315477e-01 -1.279749015412172761e-14 9.999999999926278971e-01
-7.349999999999999867e-01 1.000000000004619860e+00 -4.096721844048307653e-13 1.000000000006467715e+00
-7.249999999999999778e-01 9.999999999960027530e-01 3.804736580214049555e-14 9.999999999944018114e-01
-7.149999999999999689e-01 1.000000000004629630e+00 4.688756213804068957e-13 1.000000000006482148e+00
-7.049999999999999600e-01 9.999999999947473128e-01 -2.001549106488774782e-14 9.999999999926467709e-01
-6.949999999999999512e-01 1.000000000004638956e+00 -4.705856277984427032e-13 1.000000000006496359e+00
-6.849999999999999423e-01 9.999999999959321428e-01 2.707565597985205327e-14 9.999999999943062212e-01
-6.749999999999999334e-01 1.000000000004666711e+00 5.113547024674781760e-13 1.000000000006530998e+00
-6.649999999999999245e-01 9.999999999947823959e-01 -1.125244218726235435e-14 9.999999999926957317e-01
-6.549999999999999156e-01 1.000000000004681810e+00 -5.158118312726505793e-13 1.000000000006551648e+00
-6.450000000000000178e-01 9.999999999958559815e-01 2.546486779734218598e-14 9.999999999941996398e-01
-6.350000000000000089e-01 1.000000000004666711e+00 5.612853584936851736e-13 1.000000000006535439e+00
-6.250000000000000000e-01 9.999999999947895013e-01 -1.240193784979699859e-14 9.999999999927028371e-01
-6.149999999999999911e-01 1.000000000004704903e+00 -5.540071554684117141e-13 1.000000000006588952e+00
-6.049999999999999822e-01 9.999999999957829289e-01 1.802134691213750444e-14 9.999999999940966111e-01
-5.949999999999999734e-01 1.000000000004707346e+00 5.824233990315820339e-13 1.000000000006588730e+00
-5.849999999999999645e-01 9.999999999948269158e-01 -5.912139560447412265e-16 9.999999999927617900e-01
-5.750000000000000666e-01 1.000000000004721112e+00 -5.699470705011742078e-13 1.000000000006612488e+00
-5.650000000000000577e-01 9.999999999957271957e-01 1.240591572593356188e-14 9.999999999940226703e-01
-5.550000000000000488e-01 1.000000000004729772e+00 5.905826973673489023e-13 1.000000000006620482e+00
-5.450000000000000400e-01 9.999999999948474549e-01 -1.027030864732882673e-14 9.999999999927829952e-01
-5.350000000000000311e-01 1.000000000004715339e+00 -5.876794108215667691e-13 1.000000000006602940e+00
-5.250000000000000222e-01 9.999999999956818986e-01 2.735342715947867629e-14 9.999999999939563899e-01
-5.150000000000000133e-01 1.000000000004727552e+00 6.088049639349328147e-13 1.000000000006620704e+00
-5.050000000000000044e-01 9.999999999949332752e-01 -2.810244955420862086e-14 9.999999999929050087e-01
-4.949999999999999956e-01 1.000000000004725553e+00 -6.171633521527758970e-13 1.000000000006617817e+00
-4.849999999999999867e-01 9.999999999957062125e-01 2.789244652369616582e-13 9.999999999939903628e-01
-4.749999999999999778e-01 1.000000000003186118e+00 1.964069013277912845e-12 1.000000000004460654e+00
-4.649999999999999689e-01 9.999999999917257298e-01 6.646008061530811665e-12 9.999999999884184865e-01
-4.549999999999999600e-01 9.999999999886211022e-01 2.031300124038161926e-11 9.999999999840678555e-01
-4.449999999999999512e-01 9.999999999328976763e-01 9.113916799347812611e-11 9.999999999060550371e-01
-4.349999999999999423e-01 9.999999997827080378e-01 3.226630554250453228e-10 9.999999996957927850e-01
-4.249999999999999889e-01 9.999999991445225334e-01 1.205399651374912200e-09 9.999999988023338116e-01
-4.150000000000000355e-01 9.999999970230795121e-01 4.243911223902410795e-09 9.999999958323120275e-01
-4.050000000000000266e-01 9.999999895177074105e-01 1.473501828711133174e-08 9.999999853247900639e-01
-3.950000000000000178e-01 9.999999647370125810e-01 4.939385127008175674e-08 9.999999506318200115e-01
-3.850000000000000089e-01 9.999998840406896239e-01 1.610566217839593924e-07 9.999998376569677605e-01
-3.750000000000000000e-01 9.999996316681740716e-01 5.081941552546455638e-07 9.999994843354597096e-01
-3.649999999999999911e-01 9.999988660846619304e-01 1.552222582211465277e-06 9.999984125186855977e-01
-3.549999999999999822e-01 9.999966296636005891e-01 4.578260997525483715e-06 9.999952815305490628e-01
-3.449999999999999734e-01 9.999903347022414124e-01 1.302131959496461116e-05 9.999864685963210098e-01
-3.349999999999999645e-01 9.999733261351450020e-01 3.563145290745445146e-05 9.999626566959243235e-01
-3.249999999999999556e-01 9.999293027544726709e-01 9.359672185196782422e-05 9.999010246530074530e-01
-3.149999999999999467e-01 9.998205524828225332e-01 2.353627505625260311e-04 9.997487789269446923e-01
-3.049999999999999378e-01 9.995650991142416286e-01 5.648536231725423580e-04 9.993911727596165306e-01
-2.949999999999999845e-01 9.989972250864318504e-01 1.289217492762108732e-03 9.985963070736629810e-01
-2.850000000000000311e-01 9.978089100572096193e-01 2.787663416432064299e-03 9.969334475463564882e-01
-2.750000000000000222e-01 9.954827367070462341e-01 5.687587241010527532e-03 9.936802262396464691e-01
-2.650000000000000133e-01 9.912509446635457966e-01 1.090770578845986181e-02 9.877688200784321415e-01
-2.550000000000000044e-01 9.841421736871333037e-01 1.960385813615467959e-02 9.778599087931391098e-01
-2.449999999999999956e-01 9.731683575730507574e-01 3.297013051392756050e-02 9.626193400486998675e-01
-2.349999999999999867e-01 9.576233024705436137e-01 5.193604651720457738e-02 9.411517440002759027e-01
-2.249999999999999778e-01 9.373237186400309451e-01 7.693164936212934513e-02 9.133386964996688118e-01
-2.149999999999999689e-01 9.126153355753033880e-01 1.079927760006307025e-01 8.798199254520916446e-01
-2.049999999999999600e-01 8.842552794843058228e-01 1.436064801028689997e-01 8.418146743184797831e-01
-1.949999999999999512e-01 8.574135189364761045e-01 1.806214771626916404e-01 8.062945653473665431e-01
-1.849999999999999423e-01 8.293572661513657351e-01 2.172682101697920587e-01 7.695107655158703874e-01
-1.749999999999999334e-01 8.023082305022051219e-01 2.537267992102226200e-01 7.346675396319658491e-01
-1.649999999999999800e-01 7.773698610133255027e-01 2.918751864357744252e-01 7.029226256939372641e-01
-1.550000000000000266e-01 7.516887551193263128e-01 3.300083855222706863e-01 6.705615402519674584e-01
-1.450000000000000178e-01 7.255003635672820916e-01 3.664207088064038165e-01 6.380817103126279477e-01
-1.350000000000000089e-01 7.011272572092080990e-01 4.043670663362752826e-01 6.083219274125394316e-01
-1.250000000000000000e-01 6.782046897773517102e-01 4.437027995103807188e-01 5.806836587263624061e-01
-1.149999999999999911e-01 6.543940118381961213e-01 4.826520748268638972e-01 5.522935818785584816e-01
-1.049999999999999822e-01 6.303649945134461863e-01 5.201226084756767065e-01 5.241196574082700455e-01
-9.499999999999997335e-02 6.077766135632631794e-01 5.592443050997486509e-01 4.980894986187195950e-01
-8.499999999999996447e-02 5.864955736819548182e-01 6.000520142643728239e-01 4.738644521022749023e-01
-7.499999999999995559e-02 5.645687540039248109e-01 6.406395824128859884e-01 4.492391689330716420e-01
-6.499999999999994671e-02 5.423890912013686894e-01 6.801112670266366012e-01 4.247312350111084323e-01
-5.499999999999993783e-02 5.212183042647826614e-01 7.212068869897614309e-01 4.017613177994852625e-01
-4.499999999999998446e-02 5.011525001514669508e-01 7.643541844206868108e-01 3.802433061024090288e-01
-3.500000000000003109e-02 4.808333928905735299e-01 8.075120076922590595e-01 3.589316201659332184e-01
-2.500000000000002220e-02 4.605023776428380233e-01 8.486968053163193026e-01 3.375301082821079990e-01
-1.500000000000001332e-02 4.425085642973788369e-01 8.883049868571262220e-01 3.195351034011403302e-01
-5.000000000000004441e-03 4.292065285189635149e-01 9.205993113928330196e-01 3.060585793431756518e-01
5.000000000000004441e-03 4.249039101062446200e-01 9.319129995023942570e-01 3.019534696726984269e-01
1.500000000000001332e-02 4.305308159997992545e-01 9.167634608051576928e-01 3.075441581915538403e-01
2.500000000000002220e-02 4.210929984884334010e-01 9.398649257908947563e-01 2.982313581615596565e-01
3.500000000000003109e-02 4.280638840565589298e-01 9.222930169190300953e-01 3.051460334091786741e-01
4.500000000000003997e-02 4.243237388594492954e-01 9.315760560212688057e-01 3.014783151858810850e-01
5.500000000000004885e-02 4.264094564700727785e-01 9.264569296274630661e-01 3.035984629836648852e-01
6.500000000000005773e-02 4.253213499156429656e-01 9.291070277172073233e-01 3.026020831641735298e-01
7.500000000000006661e-02 4.258190615811432989e-01 9.277935460286268476e-01 3.031867008303182343e-01
8.500000000000007550e-02 4.254153518416529112e-01 9.284291177972422426e-01 3.028712007285374597e-01
9.500000000000008438e-02 4.253487258779161673e-01 9.280455272095834429e-01 3.030116737865671261e-01
1.050000000000000933e-01 4.249991462495010808e-01 9.279574627140280141e-01 3.029940694808497259e-01
1.150000000000001021e-01 4.243626678047563994e-01 9.277997680681874249e-01 3.030372995951085002e-01
1.250000000000001110e-01 4.229826781272198466e-01 9.277766321544074213e-01 3.030613686134157048e-01
1.350000000000001199e-01 4.201942279186525742e-01 9.278124516942377609e-01 3.030878062978066834e-01
1.450000000000001288e-01 4.148880505258022433e-01 9.278817192909476486e-01 3.031043486230705075e-01
1.550000000000000266e-01 4.055399103526210469e-01 9.278874445031621843e-01 3.031254963080945442e-01
1.649999999999999245e-01 3.903349743894884982e-01 9.277947535777871790e-01 3.031512144284087551e-01
1.749999999999999334e-01 3.676018638554322537e-01 9.277235860635676401e-01 3.031465463603776889e-01
1.849999999999999423e-01 3.365234061067425841e-01 9.275297006178295778e-01 3.030461809840102605e-01
1.949999999999999512e-01 3.031669107752381631e-01 9.279784984674125381e-01 3.032749128390266335e-01
2.049999999999999600e-01 2.821174459317159489e-01 9.282230249311639314e-01 3.032905648242217866e-01
2.149999999999999689e-01 2.708603087366067141e-01 9.274799769980539565e-01 3.030488741234429462e-01
2.249999999999999778e-01 2.659893789239734518e-01 9.271876178512791222e-01 3.029807188328737522e-01
2.349999999999999867e-01 2.645277749433463943e-01 9.275534958489930482e-01 3.031240620438772626e-01
2.449999999999999956e-01 2.643368779822046211e-01 9.277285654939694259e-01 3.032378710192906723e-01
2.550000000000000044e-01 2.644585924689251133e-01 9.281423346167901878e-01 3.032928074982970124e-01
2.650000000000000133e-01 2.649806735712567640e-01 9.284610624043151406e-01 3.035100892802422567e-01
2.750000000000000222e-01 2.654678101810222790e-01 9.283936403488991518e-01 3.034713860545485975e-01
2.850000000000000311e-01 2.655957575834131390e-01 9.283817075670831587e-01 3.033407006385102633e-01
2.950000000000000400e-01 2.657136373027987331e-01 9.274270662380704744e-01 3.032304692262373647e-01
3.050000000000000488e-01 2.654647609762851301e-01 9.266133002895539095e-01 3.027310673750691628e-01
3.150000000000000577e-01 2.648488648477607121e-01 9.235287692174926066e-01 3.017569557218104936e-01
3.250000000000000666e-01 2.628324439738521368e-01 9.152565651899896570e-01 2.985850175635464954e-01
3.350000000000000755e-01 2.564965373931515913e-01 8.876453848608868435e-01 2.883930867263137521e-01
3.450000000000000844e-01 2.363886024896633686e-01 7.947288301518032894e-01 2.563685436331822887e-01
3.550000000000000933e-01 1.811376086561433119e-01 5.115162682527746307e-01 1.733260673885518577e-01
3.650000000000001021e-01 1.372388510163537190e-01 1.418710777678976187e-01 1.144961604738422151e-01
3.750000000000001110e-01 1.270402928835731582e-01 2.417585037562120995e-02 1.023057770303810593e-01
3.850000000000001199e-01 1.253058498087950001e-01 3.621792384116419641e-03 1.003429822765031509e-01
3.950000000000001288e-01 1.250448983730804153e-01 5.317116277913179869e-04 1.000502953472417744e-01
4.050000000000000266e-01 1.250065687799349345e-01 7.780016031964240232e-05 1.000073572295676338e-01
4.149999999999999245e-01 1.250009601083931221e-01 1.137281310688802562e-05 1.000010753255898832e-01
4.249999999999999334e-01 1.250001402444445575e-01 1.661455522045090010e-06 1.000001570738672657e-01
4.349999999999999423e-01 1.250000204729997400e-01 2.425735747609787693e-07 1.000000229297617060e-01
4.449999999999999512e-01 1.250000029863232998e-01 3.538854114819544454e-08 1.000000033446821340e-01
4.549999999999999600e-01 1.250000004350556027e-01 5.155248514050336334e-09 1.000000004872624998e-01
4.649999999999999689e-01 1.250000000630169250e-01 7.463232986095593115e-10 1.000000000705789927e-01
4.749999999999999778e-01 1.250000000088564711e-01 1.040863681203190001e-10 1.000000000099192377e-01
4.849999999999999867e-01 1.250000000009482415e-01 1.037410736856045771e-11 1.000000000010619478e-01
4.949999999999999956e-01 1.249999999998213929e-01 -3.099741950172578423e-12 9.999999999979988785e-02
5.050000000000000044e-01 1.249999999995883015e-01 -4.292596511063524643e-12 9.999999999953884666e-02
5.150000000000000133e-01 1.249999999997850053e-01 -2.603257661918850912e-12 9.999999999975923981e-02
5.250000000000000222e-01 1.249999999999641120e-01 -4.178129413253145579e-13 9.999999999995981548e-02
5.350000000000000311e-01 1.249999999999948375e-01 -6.180362608867444342e-14 9.999999999999423239e-02
5.450000000000000400e-01 1.249999999999993061e-01 -8.724754741310897851e-15 9.999999999999924227e-02
5.550000000000000488e-01 1.249999999999999306e-01 -1.052091948962041815e-15 9.999999999999995004e-02
5.650000000000000577e-01 1.250000000000000000e-01 -1.230304074284042661e-16 1.000000000000000056e-01
5.750000000000000666e-01 1.250000000000000000e-01 -1.874883622025174362e-17 1.000000000000000056e-01
5.850000000000000755e-01 1.250000000000000000e-01 0.000000000000000000e+00 1.000000000000000056e-01
5.950000000000000844e-01 1.250000000000000000e-01 0.000000000000000000e+00 1.000000000000000056e-01
6.050000000000000933e-01 1.250000000000000000e-01 0.000000000000000000e+00 1.000000000000000056e-01
6.150000000000001021e-01 1.250000000000000000e-01 0.000000000000000000e+00 1.000000000000000056e-01
6.250000000000001110e-01 1.250000000000000000e-01 0.000000000000000000e+00 1.000000000000000056e-01
6.350000000000001199e-01 1.250000000000000000e-01 0.000000000000000000e+00 1.000000000000000056e-01
6.450000000000001288e-01 1.250000000000000000e-01 0.000000000000000000e+00 1.000000000000000056e-01
6.550000000000001377e-01 1.250000000000000000e-01 0.000000000000000000e+00 1.000000000000000056e-01
6.650000000000000355e-01 1.250000000000000000e-01 0.000000000000000000e+00 1.000000000000000056e-01
6.749999999999999334e-01 1.250000000000000000e-01 0.000000000000000000e+00 1.000000000000000056e-01
6.849999999999999423e-01 1.250000000000000000e-01 0.000000000000000000e+00 1.000000000000000056e-01
6.949999999999999512e-01 1.250000000000000000e-01 0.000000000000000000e+00 1.000000000000000056e-01
7.049999999999999600e-01 1.250000000000000000e-01 0.000000000000000000e+00 1.000000000000000056e-01
7.149999999999999689e-01 1.250000000000000000e-01 0.000000000000000000e+00 1.000000000000000056e-01
7.249999999999999778e-01 1.250000000000000000e-01 0.000000000000000000e+00 1.000000000000000056e-01
7.349999999999999867e-01 1.250000000000000000e-01 0.000000000000000000e+00 1.000000000000000056e-01
7.449999999999999956e-01 1.250000000000000000e-01 0.000000000000000000e+00 1.000000000000000056e-01
7.550000000000000044e-01 1.250000000000000000e-01 0.000000000000000000e+00 1.000000000000000056e-01
7.650000000000000133e-01 1.250000000000000000e-01 0.000000000000000000e+00 1.000000000000000056e-01
7.750000000000000222e-01 1.250000000000000000e-01 0.000000000000000000e+00 1.000000000000000056e-01
7.850000000000000311e-01 1.250000000000000000e-01 0.000000000000000000e+00 1.000000000000000056e-01
7.950000000000000400e-01 1.250000000000000000e-01 0.000000000000000000e+00 1.000000000000000056e-01
8.050000000000000488e-01 1.250000000000000000e-01 0.000000000000000000e+00 1.000000000000000056e-01
8.150000000000000577e-01 1.250000000000000000e-01 0.000000000000000000e+00 1.000000000000000056e-01
8.250000000000000666e-01 1.250000000000000000e-01 0.000000000000000000e+00 1.000000000000000056e-01
8.350000000000000755e-01 1.250000000000000000e-01 0.000000000000000000e+00 1.000000000000000056e-01
8.450000000000000844e-01 1.250000000000000000e-01 0.000000000000000000e+00 1.000000000000000056e-01
8.550000000000000933e-01 1.250000000000000000e-01 0.000000000000000000e+00 1.000000000000000056e-01
8.650000000000001021e-01 1.250000000000000000e-01 0.000000000000000000e+00 1.000000000000000056e-01
8.750000000000001110e-01 1.250000000000000000e-01 0.000000000000000000e+00 1.000000000000000056e-01
8.850000000000001199e-01 1.250000000000000000e-01 0.000000000000000000e+00 1.000000000000000056e-01
8.950000000000001288e-01 1.250000000000000000e-01 0.000000000000000000e+00 1.000000000000000056e-01
9.050000000000001377e-01 1.250000000000000000e-01 0.000000000000000000e+00 1.000000000000000056e-01
9.150000000000000355e-01 1.250000000000000000e-01 0.000000000000000000e+00 1.000000000000000056e-01
9.249999999999999334e-01 1.250000000000000000e-01 0.000000000000000000e+00 1.000000000000000056e-01
9.349999999999999423e-01 1.250000000000000000e-01 0.000000000000000000e+00 1.000000000000000056e-01
9.449999999999999512e-01 1.250000000000000000e-01 0.000000000000000000e+00 1.000000000000000056e-01
9.549999999999999600e-01 1.250000000000000000e-01 0.000000000000000000e+00 1.000000000000000056e-01
9.649999999999999689e-01 1.250000000000000000e-01 0.000000000000000000e+00 1.000000000000000056e-01
9.749999999999999778e-01 1.250000000000000000e-01 0.000000000000000000e+00 1.000000000000000056e-01
9.849999999999999867e-01 1.250000000000000000e-01 0.000000000000000000e+00 1.000000000000000056e-01
9.949999999999999956e-01 1.250000000000000000e-01 0.000000000000000000e+00 1.000000000000000056e-01
