# x,rho,u,p
-9.899999999999999911e-01 9.999999999998736566e-01 1.478358924875268806e-13 9.999999999998233635e-01
-9.699999999999999734e-01 1.000000000000158762e+00 -1.550242009007336055e-13 1.000000000000221601e+00
-9.499999999999999556e-01 1.000000000000286215e+00 -1.126963459740307025e-13 1.000000000000404343e+00
-9.299999999999999378e-01 9.999999999999491518e-01 1.517478165613932030e-13 9.999999999999266143e-01
-9.100000000000000311e-01 9.999999999999311662e-01 2.972003090442884178e-13 9.999999999999041878e-01
-8.900000000000000133e-01 1.000000000000021760e+00 -3.051606879173335609e-14 1.000000000000031752e+00
-8.699999999999999956e-01 1.000000000000094591e+00 -1.452185571625758893e-13 1.000000000000134337e+00
-8.499999999999999778e-01 9.999999999998264721e-01 -2.576567602650846470e-14 9.999999999997564171e-01
-8.300000000000000711e-01 1.000000000000168976e+00 3.938309340047151365e-13 1.000000000000236478e+00
-8.100000000000000533e-01 1.000000000000611955e+00 7.295724848504386275e-13 1.000000000000858202e+00
-7.900000000000000355e-01 1.000000000000574207e+00 4.625777023766408755e-13 1.000000000000804468e+00
-7.700000000000000178e-01 1.000000000000270672e+00 3.320421874057244499e-13 1.000000000000377476e+00
-7.500000000000000000e-01 9.999999999999671374e-01 2.048706601131736425e-13 9.999999999999535927e-01
-7.299999999999999822e-01 9.999999999999061862e-01 -1.551673132480453912e-13 9.999999999998689937e-01
-7.099999999999999645e-01 1.000000000000081268e+00 -6.619042901776686510e-13 1.000000000000116573e+00
-6.899999999999999467e-01 1.000000000000008882e+00 -4.748262431210335109e-13 1.000000000000008660e+00
-6.699999999999999289e-01 9.999999999996771471e-01 8.537844261477482923e-14 9.999999999995471400e-01
-6.499999999999999112e-01 9.999999999989996891e-01 9.856731247820879576e-13 9.999999999985994537e-01
-6.300000000000000044e-01 9.999999999964315212e-01 4.266916461290142670e-12 9.999999999950025531e-01
-6.099999999999999867e-01 9.999999999821098662e-01 2.122267056585013520e-11 9.999999999749543678e-01
-5.900000000000000799e-01 9.999999999095010583e-01 1.071608481040960593e-10 9.999999998733020146e-01
-5.700000000000000622e-01 9.999999995607651293e-01 5.198565400630397396e-10 9.999999993850730018e-01
-5.500000000000000444e-01 9.999999979510473258e-01 2.424567240818548717e-09 9.999999971314694758e-01
-5.300000000000000266e-01 9.999999908155141615e-01 1.086745050653206197e-08 9.999999871417200037e-01
-5.100000000000000089e-01 9.999999605052409812e-01 4.673098463998100241e-08 9.999999447073397718e-01
-4.899999999999999911e-01 9.999998373949137154e-01 1.923970223420151216e-07 9.999997723528947224e-01
-4.699999999999999734e-01 9.999993604307398920e-01 7.567486624069785924e-07 9.999991046032709052e-01
-4.499999999999999556e-01 9.999976026233339255e-01 2.836615234009467785e-06 9.999966436758300770e-01
-4.299999999999999933e-01 9.999914595888377278e-01 1.010516353380044275e-05 9.999880434627615999e-01
-4.100000000000000311e-01 9.999711766138072999e-01 3.410445862109271950e-05 9.999596476766798858e-01
-3.900000000000000133e-01 9.999081749444209688e-01 1.086508162095213147e-04 9.998714489560830421e-01
-3.699999999999999956e-01 9.997250114870148696e-01 3.253903761565779995e-04 9.996150504561984729e-01
-3.499999999999999778e-01 9.992295759839128211e-01 9.117482781690654584e-04 9.989216621736166646e-01
-3.299999999999999600e-01 9.979914364121738046e-01 2.377833064328094270e-03 9.971896561591528929e-01
-3.099999999999999423e-01 9.951547702750194180e-01 5.740966466218006166e-03 9.932257290270439798e-01
-2.899999999999999800e-01 9.892443547881084598e-01 1.276874394835657636e-02 9.849843000756779432e-01
-2.700000000000000178e-01 9.781247061103368612e-01 2.607088965842593864e-02 9.695404251681816188e-01
-2.500000000000000000e-01 9.593209230941860399e-01 4.882076614673101778e-02 9.435981050013990679e-01
-2.299999999999999822e-01 9.307293436930997865e-01 8.407076828921875022e-02 9.045603221375418945e-01
-2.099999999999999645e-01 8.912725879140934726e-01 1.341165996794379534e-01 8.514970610572497600e-01
-1.899999999999999467e-01 8.423040965547797798e-01 1.987686578225295042e-01 7.869156446269671701e-01
-1.699999999999999845e-01 7.933470014909220769e-01 2.683987755502772465e-01 7.236391926508179973e-01
-1.500000000000000222e-01 7.446681617143418030e-01 3.374691773726865018e-01 6.620580057254209505e-01
-1.300000000000000044e-01 6.972072611646302764e-01 4.078854453351860032e-01 6.044038676353297168e-01
-1.099999999999999867e-01 6.547718044549784011e-01 4.834580266810997173e-01 5.533910807902086004e-01
-8.999999999999996891e-02 6.107318592774053645e-01 5.587304725117976378e-01 5.016962751962774636e-01
-6.999999999999995115e-02 5.653720542384400582e-01 6.312361448854679757e-01 4.510796082898149706e-01
-4.999999999999998890e-02 5.253038100631317597e-01 7.117628392277447480e-01 4.067012686927968801e-01
-3.000000000000002665e-02 4.859153429712701477e-01 7.943850423648312065e-01 3.657923829557076512e-01
-1.000000000000000888e-02 4.532544237171256540e-01 8.707444208184004220e-01 3.306831739567513972e-01
1.000000000000000888e-02 4.276869933905318999e-01 9.234211760411733527e-01 3.042137398394379466e-01
3.000000000000002665e-02 4.212798788858622689e-01 9.353155648343063344e-01 2.991457074308769282e-01
5.000000000000004441e-02 4.244519118832027482e-01 9.255408609787290075e-01 3.032299093886687280e-01
7.000000000000006217e-02 4.232460820539954982e-01 9.271967407848826781e-01 3.025961256495730556e-01
9.000000000000007994e-02 4.219412516482909936e-01 9.279473956627058984e-01 3.029950483637138814e-01
1.100000000000000977e-01 4.184144630053653890e-01 9.287623521879631028e-01 3.031264591317246460e-01
1.300000000000001155e-01 4.099923597159838007e-01 9.290753213989276782e-01 3.032610852615324482e-01
1.500000000000000222e-01 3.930594931019144589e-01 9.288256399554826181e-01 3.032444171620050088e-01
1.699999999999999289e-01 3.644868550524127948e-01 9.280268441010011138e-01 3.029824040669540919e-01
1.899999999999999467e-01 3.237429086412172974e-01 9.263056950230666997e-01 3.023766891307688720e-01
2.099999999999999645e-01 2.877368316635671164e-01 9.230689450476470270e-01 3.013245020405971863e-01
2.299999999999999822e-01 2.699368173516430991e-01 9.241179320893796456e-01 3.017217061657735955e-01
2.500000000000000000e-01 2.631707382511300208e-01 9.267125631204633507e-01 3.026926593848597857e-01
2.700000000000000178e-01 2.611875679018877405e-01 9.272581191909109455e-01 3.028927266429909948e-01
2.900000000000000355e-01 2.605959140719359413e-01 9.228509565946763082e-01 3.013371839828352106e-01
3.100000000000000533e-01 2.588203907345490995e-01 9.049857072334717145e-01 2.955241516152414816e-01
3.300000000000000711e-01 2.486702696805564716e-01 8.456243257640130295e-01 2.766051177175027354e-01
3.500000000000000888e-01 2.159067854923616137e-01 6.655116318912054352e-01 2.251737039639711002e-01
3.700000000000001066e-01 1.585724008995933465e-01 2.809123151053818934e-01 1.425979774596182470e-01
3.900000000000001243e-01 1.321170359053902010e-01 6.099734836114371200e-02 1.082881817209438019e-01
4.100000000000000311e-01 1.262163692343934995e-01 1.032388217380376949e-02 1.013713087915747851e-01
4.299999999999999378e-01 1.251943051002670226e-01 1.645704493639789205e-03 1.002178435446710730e-01
4.499999999999999556e-01 1.250306051156732656e-01 2.591311620852288747e-04 1.000342832113288588e-01
4.699999999999999734e-01 1.250047985421917363e-01 4.062679129733027302e-05 1.000053745022831952e-01
4.899999999999999911e-01 1.250007493305771433e-01 6.344144413364543522e-06 1.000008392535524093e-01
5.100000000000000089e-01 1.250001164174220358e-01 9.856363035501057722e-07 1.000001303875927838e-01
5.300000000000000266e-01 1.250000179679179313e-01 1.521227931816152544e-07 1.000000201240700964e-01
5.500000000000000444e-01 1.250000027502700672e-01 2.328402926849993954e-08 1.000000030803026574e-01
5.700000000000000622e-01 1.250000004166429424e-01 3.526574268335767976e-09 1.000000004666402181e-01
5.900000000000000799e-01 1.250000000622041862e-01 5.257455837556787682e-10 1.000000000696687624e-01
6.100000000000000977e-01 1.250000000089624419e-01 7.499197836724774082e-11 1.000000000100378095e-01
6.300000000000001155e-01 1.250000000010499102e-01 7.935000785477860527e-12 1.000000000011758983e-01
6.500000000000001332e-01 1.249999999998567674e-01 -2.000774095419481814e-12 9.999999999983961996e-02
6.700000000000000400e-01 1.249999999996371236e-01 -3.265268202089278545e-12 9.999999999959352515e-02
6.899999999999999467e-01 1.249999999997083444e-01 -2.469523862641639706e-12 9.999999999967336406e-02
7.099999999999999645e-01 1.249999999999414357e-01 -4.962600951879221289e-13 9.999999999993437749e-02
7.299999999999999822e-01 1.249999999999920619e-01 -6.744359375586536934e-14 9.999999999999108213e-02
7.500000000000000000e-01 1.249999999999989453e-01 -9.053533955271605097e-15 9.999999999999882594e-02
7.700000000000000178e-01 1.249999999999998890e-01 -1.037905640258387182e-15 9.999999999999989453e-02
7.900000000000000355e-01 1.250000000000000000e-01 -7.532976874215376813e-17 1.000000000000000056e-01
8.100000000000000533e-01 1.250000000000000000e-01 0.000000000000000000e+00 1.000000000000000056e-01
8.300000000000000711e-01 1.250000000000000000e-01 0.000000000000000000e+00 1.000000000000000056e-01
8.500000000000000888e-01 1.250000000000000000e-01 0.000000000000000000e+00 1.000000000000000056e-01
8.700000000000001066e-01 1.250000000000000000e-01 0.000000000000000000e+00 1.000000000000000056e-01
8.900000000000001243e-01 1.250000000000000000e-01 0.000000000000000000e+00 1.000000000000000056e-01
9.100000000000000311e-01 1.250000000000000000e-01 0.000000000000000000e+00 1.000000000000000056e-01
9.299999999999999378e-01 1.250000000000000000e-01 0.000000000000000000e+00 1.000000000000000056e-01
9.499999999999999556e-01 1.250000000000000000e-01 0.000000000000000000e+00 1.000000000000000056e-01
9.699999999999999734e-01 1.250000000000000000e-01 0.000000000000000000e+00 1.000000000000000056e-01
9.899999999999999911e-01 1.250000000000000000e-01 0.000000000000000000e+00 1.000000000000000056e-01
