# x,rho,u,p
-9.899999999999999911e-01 9.999999999999318323e-01 7.977439086601245053e-14 9.999999999999041878e-01
-9.699999999999999734e-01 9.999999999998983036e-01 2.917575886365619960e-13 9.999999999998576694e-01
-9.499999999999999556e-01 1.000000000000026423e+00 7.977679399007020866e-14 1.000000000000037526e+00
-9.299999999999999378e-01 1.000000000000155875e+00 -1.139580159447208988e-13 1.000000000000216271e+00
-9.100000000000000311e-01 9.999999999999540368e-01 -6.046407406102124400e-14 9.999999999999347189e-01
-8.900000000000000133e-01 9.999999999998898659e-01 2.097352979318108874e-13 9.999999999998431255e-01
-8.699999999999999956e-01 1.000000000000307754e+00 4.031872252806067704e-13 1.000000000000430322e+00
-8.499999999999999778e-01 1.000000000000606182e+00 6.590747238941575054e-13 1.000000000000851097e+00
-8.300000000000000711e-01 1.000000000000417000e+00 5.657754451867641894e-13 1.000000000000584865e+00
-8.100000000000000533e-01 1.000000000000311307e+00 2.802146230448706925e-13 1.000000000000437206e+00
-7.900000000000000355e-01 1.000000000000164757e+00 3.603535386124528064e-14 1.000000000000231593e+00
-7.700000000000000178e-01 9.999999999999297229e-01 2.892817078644600404e-14 9.999999999999029665e-01
-7.500000000000000000e-01 9.999999999996941336e-01 -6.705226282778503019e-14 9.999999999995711208e-01
-7.299999999999999822e-01 9.999999999999571454e-01 -4.237103255276120392e-13 9.999999999999393818e-01
-7.099999999999999645e-01 9.999999999999793499e-01 -2.502333407515877091e-13 9.999999999999710232e-01
-6.899999999999999467e-01 9.999999999997160050e-01 3.519828431195701137e-14 9.999999999996039834e-01
-6.699999999999999289e-01 9.999999999998756550e-01 7.574284193691315929e-14 9.999999999998244737e-01
-6.499999999999999112e-01 9.999999999997866151e-01 3.538008655965957687e-13 9.999999999997016831e-01
-6.300000000000000044e-01 9.999999999981858956e-01 2.264017501238238537e-12 9.999999999974592546e-01
-6.099999999999999867e-01 9.999999999894210179e-01 1.262260772106255038e-11 9.999999999851899579e-01
-5.900000000000000799e-01 9.999999999431489206e-01 6.737817727053689492e-11 9.999999999204086665e-01
-5.700000000000000622e-01 9.999999997090953663e-01 3.442801205728424691e-10 9.999999995927328911e-01
-5.500000000000000444e-01 9.999999985740106734e-01 1.687326532023485459e-09 9.999999980036148317e-01
-5.300000000000000266e-01 9.999999933076118008e-01 7.918645468901205981e-09 9.999999906306553665e-01
-5.100000000000000089e-01 9.999999699732173841e-01 3.552830424119524218e-08 9.999999579625045154e-01
-4.899999999999999911e-01 9.999998714508384623e-01 1.521015691801267370e-07 9.999998200311841501e-01
-4.699999999999999734e-01 9.999994759861245974e-01 6.200217450945089647e-07 9.999992663807364401e-01
-4.499999999999999556e-01 9.999979708818451662e-01 2.400885618177743392e-06 9.999971592369041318e-01
-4.299999999999999933e-01 9.999925560632290100e-01 8.807793601671928954e-06 9.999895785183189334e-01
-4.100000000000000311e-01 9.999742072102070223e-01 3.051856604819720112e-05 9.999638904348557844e-01
-3.900000000000000133e-01 9.999158879549198131e-01 9.952426583683193577e-05 9.998822465773954393e-01
-3.699999999999999956e-01 9.997428987559144886e-01 3.042227966443463989e-04 9.996400887271951197e-01
-3.499999999999999778e-01 9.992668520028877843e-01 8.676226284450317674e-04 9.989738271364977384e-01
-3.299999999999999600e-01 9.980598932024768999e-01 2.296727153141582458e-03 9.972853997284830685e-01
-3.099999999999999423e-01 9.952623410228420564e-01 5.613237538952990831e-03 9.933759924963945220e-01
-2.899999999999999800e-01 9.893816045268302162e-01 1.260491484623932866e-02 9.851755926022112142e-01
-2.700000000000000178e-01 9.782495735575629237e-01 2.591997106448027874e-02 9.697139287793307139e-01
-2.500000000000000000e-01 9.593565907382319846e-01 4.877494956455333958e-02 9.436483159963021672e-01
-2.299999999999999822e-01 9.305870565424130270e-01 8.424334395735813552e-02 9.043696927990497736e-01
-2.099999999999999645e-01 8.908664482191730460e-01 1.346308341424907462e-01 8.509607627192783408e-01
-1.899999999999999467e-01 8.419146613974350934e-01 1.993020807622498392e-01 7.864025263491941642e-01
-1.699999999999999845e-01 7.931832130296512240e-01 2.686304424382657818e-01 7.234323932472725982e-01
-1.500000000000000222e-01 7.447329291787785355e-01 3.374857336833328447e-01 6.621379742707867999e-01
-1.300000000000000044e-01 6.973290029525387457e-01 4.075608423461087870e-01 6.045540276247369782e-01
-1.099999999999999867e-01 6.548471489409022350e-01 4.830049386292693536e-01 5.535151783346540233e-01
-8.999999999999996891e-02 6.110516719949650177e-01 5.585231332522612169e-01 5.020770512628408566e-01
-6.999999999999995115e-02 5.656842258106021815e-01 6.309933388516060226e-01 4.513881933702145188e-01
-4.999999999999998890e-02 5.253825968300149807e-01 7.113371210848536963e-01 4.067966140734139979e-01
-3.000000000000002665e-02 4.858694104763305877e-01 7.939913404552788601e-01 3.657476075988075337e-01
-1.000000000000000888e-02 4.531463636249101201e-01 8.709503319066563831e-01 3.306686270345256529e-01
1.000000000000000888e-02 4.276124715059027581e-01 9.240875183411854099e-01 3.040627020794109403e-01
3.000000000000002665e-02 4.212083204410983495e-01 9.359438124093228950e-01 2.989759195271770587e-01
5.000000000000004441e-02 4.244914545839801323e-01 9.255967804710915070e-01 3.032354048089797027e-01
7.000000000000006217e-02 4.231994172614749194e-01 9.270543263532632361e-01 3.025937085595724607e-01
9.000000000000007994e-02 4.217173261771066661e-01 9.279297440922725793e-01 3.028790380810655880e-01
1.100000000000000977e-01 4.181509963724927004e-01 9.287373179947923107e-01 3.030465590343414117e-01
1.300000000000001155e-01 4.098019938068998003e-01 9.290021576224818389e-01 3.032444273360561104e-01
1.500000000000000222e-01 3.930098455452152306e-01 9.288211388894096476e-01 3.032589606332042886e-01
1.699999999999999289e-01 3.646767575930615068e-01 9.280935914344926596e-01 3.030348347400164677e-01
1.899999999999999467e-01 3.242038429427591684e-01 9.265901551852715468e-01 3.025035481493771883e-01
2.099999999999999645e-01 2.878811383846895389e-01 9.234561423466419727e-01 3.014232176305636779e-01
2.299999999999999822e-01 2.698488912343846025e-01 9.241795806038086702e-01 3.016773851782262317e-01
2.500000000000000000e-01 2.629861238763701037e-01 9.264641609703382352e-01 3.025506141071911959e-01
2.700000000000000178e-01 2.609206221626338973e-01 9.266858448554491368e-01 3.026541369956821104e-01
2.900000000000000355e-01 2.602955195382429809e-01 9.213834055016609792e-01 3.009614270256728008e-01
3.100000000000000533e-01 2.583656393327818934e-01 9.028532893190281960e-01 2.948394996345770069e-01
3.300000000000000711e-01 2.483124984995389861e-01 8.436044067049703887e-01 2.760177330299422582e-01
3.500000000000000888e-01 2.165077194497005142e-01 6.692585386117620994e-01 2.260509437949405065e-01
3.700000000000001066e-01 1.595824440834542335e-01 2.897596469879510361e-01 1.440852405961032534e-01
3.900000000000001243e-01 1.320688208836153510e-01 6.066971932774959525e-02 1.082384539074548041e-01
4.100000000000000311e-01 1.261563202911003545e-01 9.816309886018170783e-03 1.013034527039980703e-01
4.299999999999999378e-01 1.251762603684237196e-01 1.492896468721245694e-03 1.001976003497050127e-01
4.499999999999999556e-01 1.250265021776865715e-01 2.243918651251233408e-04 1.000296866917193411e-01
4.699999999999999734e-01 1.250039663177811566e-01 3.358075926785865524e-05 1.000044423714067376e-01
4.899999999999999911e-01 1.250005908387490650e-01 5.002285910978664701e-06 1.000006617415282878e-01
5.100000000000000089e-01 1.250000874648807825e-01 7.405122469939147067e-07 1.000000979607133383e-01
5.300000000000000266e-01 1.250000128426058399e-01 1.087296294297864753e-07 1.000000143837196098e-01
5.500000000000000444e-01 1.250000018664901291e-01 1.580162298783947264e-08 1.000000020904689979e-01
5.700000000000000622e-01 1.250000002677683630e-01 2.266396221427689403e-09 1.000000002999006654e-01
5.900000000000000799e-01 1.250000000377348153e-01 3.184354483378608842e-10 1.000000000422630320e-01
6.100000000000000977e-01 1.250000000050379423e-01 4.125132633622907575e-11 1.000000000056424920e-01
6.300000000000001155e-01 1.250000000004340694e-01 2.983773135889131705e-12 1.000000000004861167e-01
6.500000000000001332e-01 1.249999999996831701e-01 -2.529907253620475937e-12 9.999999999964506725e-02
6.700000000000000400e-01 1.249999999996748296e-01 -3.534478748692348809e-12 9.999999999963579689e-02
6.899999999999999467e-01 1.249999999997777334e-01 -1.854225559474566845e-12 9.999999999975102416e-02
7.099999999999999645e-01 1.249999999999655553e-01 -2.918282412584026223e-13 9.999999999996138367e-02
7.299999999999999822e-01 1.249999999999955869e-01 -3.769218161055779877e-14 9.999999999999500955e-02
7.500000000000000000e-01 1.249999999999994171e-01 -5.007000282964409374e-15 9.999999999999933942e-02
7.700000000000000178e-01 1.249999999999999445e-01 -6.258811565380442909e-16 9.999999999999990841e-02
7.900000000000000355e-01 1.250000000000000000e-01 -6.022244650875411634e-17 1.000000000000000056e-01
8.100000000000000533e-01 1.250000000000000000e-01 0.000000000000000000e+00 1.000000000000000056e-01
8.300000000000000711e-01 1.250000000000000000e-01 0.000000000000000000e+00 1.000000000000000056e-01
8.500000000000000888e-01 1.250000000000000000e-01 0.000000000000000000e+00 1.000000000000000056e-01
8.700000000000001066e-01 1.250000000000000000e-01 0.000000000000000000e+00 1.000000000000000056e-01
8.900000000000001243e-01 1.250000000000000000e-01 0.000000000000000000e+00 1.000000000000000056e-01
9.100000000000000311e-01 1.250000000000000000e-01 0.000000000000000000e+00 1.000000000000000056e-01
9.299999999999999378e-01 1.250000000000000000e-01 0.000000000000000000e+00 1.000000000000000056e-01
9.499999999999999556e-01 1.250000000000000000e-01 0.000000000000000000e+00 1.000000000000000056e-01
9.699999999999999734e-01 1.250000000000000000e-01 0.000000000000000000e+00 1.000000000000000056e-01
9.899999999999999911e-01 1.250000000000000000e-01 0.000000000000000000e+00 1.000000000000000056e-01
